A;129.88;true;1;151.35;151.35;151.35;151.35;true;3.0;1.04;true;29.65;0.84;2022-10-03;1.27;1.94
AAL;13.71;true;14;7.0;16.04;14.25;26.0;true;3.0;1.45;true;0.0;0.0;2020-02-04;0.6;0.79
AAP;171.34;true;18;132.0;205.22;202.5;252.0;true;2.3;1.24;true;19.85;6.0;2022-09-15;0.22;1.16
AAPL;147.27;true;40;122.0;183.59;185.0;220.0;true;1.9;1.25;true;24.34;0.92;2022-08-05;0.7;0.87
ABBV;147.06;true;21;135.0;158.66;160.0;200.0;true;2.2;0.65;true;20.8;5.64;2022-10-13;0.62;0.84
ABC;147.73;true;12;155.0;174.17;175.0;191.0;true;2.1;0.5;true;16.96;1.84;2022-08-12;0.5;0.92
ABMD;256.22;true;5;235.0;309.0;305.0;355.0;true;2.6;1.31;true;55.1;0.0;;6.64;7.53
ABT;95.06;true;21;90.0;118.86;118.0;145.0;true;2.1;0.71;true;21.46;1.88;2022-10-13;0.0;0.0
ACN;269.57;true;1;317.01;317.01;317.01;317.01;true;2.0;1.21;true;25.17;4.48;2022-10-12;1.12;1.23
ADBE;306.37;true;30;310.0;368.77;352.0;475.0;true;2.2;1.23;true;29.52;0.0;2005-03-24;1.01;1.14
ADI;146.59;true;25;155.0;189.51;190.0;220.0;true;1.9;1.14;true;43.37;3.04;2022-08-29;1.34;1.92
ADM;89.69;true;13;80.0;98.31;95.0;117.0;true;2.3;0.79;true;14.15;1.6;2022-08-16;0.36;1.47
ADP;232.74;true;17;208.0;246.76;248.0;280.0;true;3.0;0.83;true;33.25;4.16;2022-09-08;0.08;0.99
ADSK;201.39;true;22;180.0;252.0;256.0;355.0;true;2.1;1.48;true;80.56;0.0;2005-03-22;0.54;0.64
AEE;77.58;true;13;80.0;94.0;95.0;103.0;true;2.1;0.43;true;19.89;2.36;2022-12-06;0.28;0.67
AEP;85.63;true;16;80.0;100.69;101.0;109.0;true;2.2;0.41;true;17.3;3.12;2022-08-09;0.26;0.75
AES;24.48;true;12;26.0;29.0;29.5;31.0;true;1.8;0.92;true;0.0;0.63;2022-10-31;0.56;1.16
AFL;60.97;true;13;54.0;62.15;62.0;67.0;true;2.9;0.89;true;9.2;1.6;2022-08-23;0.54;0.75
AIG;53.25;true;12;53.0;64.75;63.0;83.0;true;2.2;1.16;true;3.55;1.28;2022-09-15;0.19;0.75
AIZ;146.91;true;6;160.0;195.5;196.5;220.0;true;1.8;0.57;true;17.32;2.72;2022-08-26;0.15;0.4
AJG;175.37;true;13;135.0;198.69;205.0;215.0;true;2.1;0.68;true;36.54;2.04;2022-09-01;0.84;1.05
AKAM;85.88;true;16;75.0;108.0;106.5;164.0;true;2.5;0.69;true;23.92;0.0;;1.66;1.92
ALB;270.01;true;22;145.0;306.17;306.5;440.0;true;2.4;1.44;true;125.0;1.58;2022-09-15;1.13;1.88
ALGN;207.67;true;10;200.0;302.7;305.0;402.0;true;2.2;1.76;true;25.42;0.0;;1.08;1.32
ALK;41.01;true;11;45.0;63.0;60.0;95.0;true;1.8;0.0;true;25.31;0.0;2020-02-14;0.0;0.0
ALL;120.08;true;15;100.0;141.33;146.0;188.0;true;2.4;0.65;true;38.99;3.4;2022-08-30;0.25;0.42
ALLE;92.79;true;13;95.0;111.92;114.0;130.0;true;2.6;1.03;true;17.84;1.64;2022-09-15;2.05;2.87
AMAT;82.42;true;28;70.0;109.46;101.0;175.0;true;2.1;1.51;true;11.03;1.04;2022-11-23;1.27;2.26
AMCR;11.3;true;9;10.75;12.51;12.0;14.0;true;2.8;0.85;true;20.55;0.48;2022-09-07;0.53;1.15
AMD;58.82;true;39;65.0;101.08;95.0;200.0;true;2.0;2.05;true;24.61;0.0;1995-04-27;1.82;2.44
AME;119.18;true;16;129.0;146.0;142.0;180.0;true;2.2;1.22;true;24.47;0.88;2022-09-13;0.82;1.48
AMGN;251.94;true;22;182.0;253.98;255.0;295.0;true;2.6;0.58;true;21.42;7.76;2022-08-17;0.99;1.53
AMP;267.01;true;11;250.0;302.09;300.0;355.0;true;2.1;1.42;true;9.64;5.0;2022-08-05;3.49;4.25
AMT;187.56;true;18;209.0;270.83;269.5;347.0;true;2.0;0.56;true;30.9;5.88;2022-10-07;0.43;0.5
AMZN;119.32;true;47;100.0;168.07;170.0;232.75;true;1.8;1.32;true;108.47;0.0;;0.68;0.95
ANET;110.52;true;21;105.0;148.1;140.0;218.0;true;2.3;1.29;true;37.98;0.0;;2.73;3.7
ANSS;214.15;true;17;200.0;299.0;311.0;392.0;true;2.4;1.3;true;42.32;0.0;;2.02;2.12
AON;280.12;true;13;250.0;303.08;306.0;335.0;true;2.9;0.88;true;40.25;2.24;2022-10-31;0.22;1.05
AOS;50.13;true;9;46.0;58.33;56.0;70.0;true;2.7;1.21;true;15.42;1.2;2022-10-28;1.16;1.76
APA;43.19;true;26;40.0;53.81;52.0;75.0;true;2.2;3.69;true;4.86;1.0;2022-10-20;0.77;1.1
APD;241.29;true;22;251.0;287.82;292.5;335.0;true;2.3;0.8;true;24.37;6.48;2022-09-30;1.6;1.87
APH;71.55;true;14;64.47;84.32;85.5;97.0;true;2.1;1.24;true;25.28;0.8;2022-09-19;1.51;2.44
APTV;87.04;true;21;80.0;125.14;125.0;165.0;true;2.1;1.99;true;217.6;0.0;2020-02-04;2.01;2.63
ARE;132.05;true;11;141.0;185.45;182.0;223.0;true;1.7;0.94;true;72.55;4.72;2022-09-29;2.17;2.43
ATO;101.74;true;8;105.0;118.63;118.5;132.0;true;2.4;0.55;true;18.6;2.72;2022-08-19;0.27;1.01
ATVI;72.71;true;23;79.0;94.78;95.0;130.0;true;2.3;0.52;true;30.42;0.47;2022-04-13;5.59;6.18
AVB;174.89;true;22;181.0;223.55;222.5;282.0;true;2.5;0.94;true;30.05;6.36;2022-09-29;0.28;0.89
AVGO;449.73;true;22;540.0;644.8;640.0;775.0;true;1.9;1.12;true;19.42;16.4;2022-09-21;1.89;2.32
AVY;171.04;true;12;172.0;204.67;202.0;250.0;true;2.1;0.99;true;18.71;3.0;2022-09-06;0.59;0.98
AWK;132.76;true;12;130.0;158.17;154.5;186.0;true;2.6;0.5;true;18.57;2.62;2022-08-08;0.44;0.59
AXP;140.04;true;24;130.0;170.17;170.0;220.0;true;2.4;1.14;true;14.05;2.08;2022-10-13;1.73;1.73
AZO;2301.03;true;19;1850.0;2383.16;2413.0;2800.0;true;2.1;0.73;true;19.27;0.0;;0.03;0.77
BA;141.32;false;0;0.0;0.0;0.0;0.0;false;0.0;1.42;true;0.0;0.0;2020-02-13;0.28;1.25
BAC;34.95;true;24;32.0;40.91;40.0;55.0;true;2.2;1.36;true;11.06;0.88;2022-12-01;0.0;0.0
BALL;49.2;true;18;46.0;59.28;55.0;90.0;true;2.7;0.68;true;21.48;0.8;2022-08-31;0.56;1.0
BAX;56.43;true;14;60.0;66.71;67.5;77.0;true;2.2;0.6;true;28.22;1.16;2022-09-01;1.13;2.01
BBWI;33.71;false;0;0.0;0.0;0.0;0.0;false;0.0;1.73;true;8.39;0.8;2022-08-18;0.51;1.39
BBY;63.77;true;20;56.0;78.67;78.75;110.0;true;2.9;1.49;true;8.54;3.52;2022-09-19;0.21;0.96
BDX;223.6;true;11;227.0;277.82;280.0;319.0;true;2.4;0.63;true;33.98;3.48;2022-09-08;0.68;1.35
BEN;22.53;true;11;19.0;21.55;21.0;24.0;true;3.3;1.26;true;6.69;1.16;2022-09-29;1.71;4.37
BF-B;63.9;true;16;62.0;72.94;72.5;90.0;true;3.1;0.68;true;34.35;0.75;2022-09-02;1.57;3.53
BIIB;267.61;true;27;200.0;279.03;275.0;360.0;true;2.2;0.17;true;18.78;0.0;;1.36;1.94
BIO;378.21;true;4;700.0;703.75;700.0;715.0;true;1.6;1.03;true;0.0;0.0;;3.95;5.3
BK;40.23;true;15;41.0;47.5;47.0;57.0;true;2.4;1.08;true;12.27;1.48;2022-10-26;0.0;0.0
BKNG;1822.79;true;27;1890.0;2349.31;2300.0;2800.0;true;2.2;1.24;true;47.38;0.0;;1.37;1.45
BKR;26.67;true;22;26.0;33.33;33.0;40.0;true;2.0;1.42;true;66.67;0.72;2022-08-08;0.98;1.51
BLK;597.26;true;12;481.0;620.58;621.0;751.0;true;2.1;1.27;true;16.45;19.52;2022-09-06;0.0;0.0
BMY;72.21;true;17;61.0;81.17;85.0;94.0;true;2.3;0.36;true;23.99;2.16;2022-10-06;1.23;1.44
BR;140.99;true;5;160.0;179.2;175.0;204.0;true;2.8;0.96;true;30.99;2.9;2022-09-14;0.89;1.01
BRO;61.53;true;9;66.0;70.67;70.0;75.0;true;2.6;0.79;true;28.49;0.46;2022-11-01;1.32;1.84
BSX;40.57;true;24;43.0;48.57;49.5;53.0;true;1.7;0.82;true;71.18;0.0;;0.56;1.31
BWA;34.54;true;15;32.0;45.01;42.0;75.0;true;2.4;1.39;true;12.98;0.68;2022-08-31;1.24;1.77
BXP;72.5;true;18;71.0;90.06;93.5;110.0;true;2.5;1.11;true;17.26;3.92;2022-09-29;2.93;3.22
C;44.26;true;24;42.0;56.76;53.0;95.0;true;2.5;1.58;true;5.94;2.04;2022-11-04;0.0;0.0
CAG;34.69;true;15;33.0;36.5;36.0;41.0;true;2.7;0.56;true;29.15;1.32;2022-11-02;0.21;0.78
CAH;73.03;true;13;56.0;70.92;72.0;80.0;true;2.8;0.78;true;0.0;1.98;2022-09-30;0.5;1.08
CARR;35.19;true;18;38.0;44.78;44.0;58.0;true;2.4;1.13;true;11.21;0.6;2022-10-27;1.18;1.67
CAT;190.22;false;0;0.0;0.0;0.0;0.0;true;3.0;1.01;true;15.23;4.8;2022-10-21;0.83;1.45
CB;197.79;false;0;0.0;0.0;0.0;0.0;false;0.0;0.66;true;11.92;3.32;2022-09-15;0.2;0.4
CBOE;119.87;true;13;120.0;137.23;137.0;162.0;true;2.4;0.58;true;61.16;2.0;2022-08-30;0.55;1.21
CBRE;69.31;true;7;86.0;96.57;93.0;116.0;true;1.9;1.39;true;11.65;0.0;;0.88;1.16
CCI;123.59;true;17;135.0;179.06;180.0;230.0;true;2.4;0.68;true;33.13;6.26;2022-12-14;0.27;0.46
CCL;8.2;true;1;30.68;30.68;30.68;30.68;true;2.0;2.06;true;0.0;0.0;2020-02-20;0.59;0.65
CDAY;57.91;false;0;0.0;0.0;0.0;0.0;true;2.0;1.44;true;0.0;0.0;;0.09;1.06
CDNS;158.34;true;13;170.0;194.62;200.0;215.0;true;2.1;1.15;true;54.6;0.0;;1.39;1.59
CDW;162.43;true;9;200.0;212.93;210.0;240.0;true;1.8;1.12;true;22.1;2.0;2022-08-24;1.06;1.3
CE;94.64;true;23;86.0;126.74;125.0;180.0;true;2.6;1.26;true;5.24;2.8;2022-10-28;1.01;1.72
CEG;87.28;true;14;54.0;92.71;95.5;121.0;true;1.9;0.0;true;43.0;0.56;2022-08-12;0.58;1.38
CF;107.37;true;19;78.0;116.21;120.0;135.0;true;2.4;1.0;true;8.81;1.6;2022-11-14;2.82;3.41
CFG;37.94;true;19;33.0;44.5;45.0;55.0;true;2.0;1.32;true;9.46;1.68;2022-11-01;0.0;0.0
CHD;73.19;true;19;69.0;82.74;83.0;92.93;true;2.9;0.44;true;23.23;1.05;2022-08-12;0.61;1.01
CHRW;94.08;true;23;67.0;108.57;110.0;135.0;true;2.8;0.79;true;11.32;2.2;2022-09-01;1.45;1.48
CHTR;330.4;true;25;273.0;521.64;488.0;800.0;true;2.6;1.04;true;10.56;0.0;;0.29;0.33
CI;301.34;true;23;277.0;314.43;319.0;340.0;true;2.2;0.68;true;17.98;4.48;2022-09-06;0.52;0.83
CINF;99.24;true;5;100.0;108.0;102.0;130.0;true;2.9;0.57;true;30.92;2.76;2022-09-15;0.94;1.15
CL;71.47;true;20;64.0;79.35;80.0;90.0;true;2.7;0.51;true;31.07;1.88;2022-10-20;0.58;1.17
CLX;136.25;true;18;94.0;129.74;128.0;165.0;true;3.4;0.23;true;36.53;4.72;2022-10-25;0.48;0.97
CMA;65.34;true;19;77.0;85.49;84.0;105.0;true;2.1;1.27;true;8.64;2.72;2022-09-14;0.0;0.0
CMCSA;30.48;true;32;30.0;44.69;45.0;70.0;true;2.4;0.98;true;9.93;1.08;2022-10-04;0.68;0.88
CME;169.99;true;16;161.0;209.94;209.5;270.0;true;2.4;0.44;true;21.12;4.0;2022-09-08;0.02;1.02
CMG;1549.82;true;30;1500.0;1799.83;1790.0;2500.0;true;1.8;1.29;true;57.55;0.0;;1.13;1.26
CMI;232.79;true;19;190.0;245.71;241.0;303.9;true;2.4;1.0;true;16.27;6.28;2022-11-17;0.93;1.66
CMS;54.43;true;17;54.0;66.88;68.0;75.0;true;2.5;0.35;true;20.62;1.84;2022-08-04;0.45;1.0
CNC;73.85;true;19;90.0;102.37;103.0;116.0;true;1.9;0.58;true;23.52;0.0;;1.01;1.11
CNP;27.01;true;16;27.0;32.0;32.0;37.0;true;1.9;0.88;true;20.31;0.72;2022-11-16;0.55;1.03
COF;96.25;true;19;68.0;126.91;121.0;171.0;true;2.3;1.42;true;4.2;2.4;2022-08-05;0.0;0.0
COO;259.99;true;10;280.0;353.8;346.5;560.0;true;2.5;0.93;true;30.27;0.06;2022-07-26;0.57;1.16
COP;124.49;true;26;87.0;128.06;132.0;149.0;true;1.9;1.29;true;10.27;1.92;2022-09-28;1.33;1.54
COST;478.18;true;29;455.0;565.17;565.0;678.0;true;2.1;0.72;true;36.39;3.6;2022-10-27;0.41;1.02
CPB;50.25;true;17;39.0;48.12;48.0;55.0;true;3.3;0.36;true;20.02;1.48;2022-10-05;0.22;0.68
CPRT;109.63;true;7;131.0;149.71;143.0;182.0;true;1.6;1.17;true;24.09;0.0;;3.57;4.99
CPT;113.89;true;20;126.0;155.6;152.0;208.0;true;2.1;0.79;true;14.75;3.65;2022-09-29;0.11;0.12
CRL;200.18;true;12;240.0;270.17;278.5;300.0;true;1.7;1.29;true;23.17;0.0;;0.91;1.33
CRM;160.17;true;46;150.0;220.18;219.5;385.0;true;1.9;1.1;true;302.21;0.0;;0.91;1.06
CSCO;42.8;true;23;44.0;54.78;53.0;73.0;true;2.5;0.95;true;15.18;1.52;2022-10-04;1.16;1.43
CSGP;71.8;true;11;67.0;83.36;85.0;92.0;true;1.8;0.88;true;84.47;0.0;;11.8;11.95
CSX;27.54;true;26;23.0;32.81;32.5;41.0;true;2.2;1.24;true;14.65;0.4;2022-11-29;0.96;1.72
CTAS;399.94;true;11;373.0;444.27;450.0;495.0;true;2.2;1.38;true;33.52;4.0;2022-08-12;0.72;1.72
CTLT;67.63;true;13;105.0;121.77;125.0;138.0;true;1.7;1.39;true;25.05;0.0;;1.85;2.72
CTRA;29.67;true;23;26.0;36.61;35.0;54.0;true;2.6;0.15;true;7.12;2.6;2022-08-12;1.75;1.8
CTSH;60.28;true;22;55.0;74.78;76.0;98.0;true;2.6;1.05;true;13.99;1.08;2022-08-18;2.06;2.23
CTVA;62.88;true;20;55.9;69.09;70.5;80.0;true;2.2;0.7;true;25.98;0.6;2022-08-11;1.23;1.88
CVS;92.72;true;23;98.0;118.39;120.0;130.0;true;2.1;0.71;true;15.1;2.2;2022-10-20;0.62;0.91
CVX;173.19;true;27;145.0;182.17;185.0;210.0;true;2.3;1.13;true;11.55;5.68;2022-08-18;1.0;1.31
CZR;39.61;true;12;27.0;69.75;67.5;102.0;true;1.9;2.77;true;0.0;0.0;;0.3;1.0
D;65.53;true;15;71.0;82.73;83.0;94.0;true;2.4;0.49;true;33.95;2.67;2022-09-01;0.37;0.87
DAL;32.58;true;15;35.0;47.73;47.0;74.0;true;1.7;1.17;true;250.62;0.0;2020-02-19;0.44;0.57
DD;55.58;true;18;76.0;91.78;92.5;108.0;true;2.2;1.2;true;19.03;1.32;2022-07-28;0.67;2.55
DE;383.06;true;23;289.0;399.22;411.0;450.0;true;2.1;1.06;true;19.14;4.52;2022-09-29;1.69;1.98
DFS;94.68;true;17;97.0;113.71;110.0;135.0;true;2.3;1.4;true;6.14;2.4;2022-10-13;1.24;1.24
DG;239.37;true;23;199.0;267.0;273.0;296.0;true;2.1;0.39;true;23.84;2.2;2022-10-03;0.05;1.01
DGX;136.75;true;14;135.0;144.21;145.0;160.0;true;2.5;0.97;true;11.35;2.64;2022-10-03;1.24;1.46
DHI;69.75;true;17;70.0;91.47;89.0;115.0;true;2.0;1.54;true;4.49;0.9;2022-08-03;0.4;5.42
DHR;244.59;true;19;275.0;315.32;323.0;350.0;true;1.8;0.87;true;28.81;1.0;2022-09-29;1.2;1.78
DIS;102.04;false;0;0.0;0.0;0.0;0.0;true;2.0;1.23;true;58.98;0.0;2019-12-13;0.87;1.02
DISH;14.1;true;16;18.0;36.31;35.0;60.0;true;2.2;1.83;true;4.3;0.0;2012-12-12;0.5;0.63
DLR;96.86;true;18;90.0;134.11;131.0;190.0;true;2.1;0.45;true;21.15;4.88;2022-09-14;0.56;0.56
DLTR;143.61;true;21;110.0;165.43;170.0;195.0;true;2.3;0.69;true;20.03;0.0;;0.16;1.46
DOV;124.85;true;13;122.0;143.62;143.0;165.0;true;2.2;1.33;true;15.51;2.02;2022-08-30;0.62;1.17
DOW;46.87;true;23;39.0;50.65;50.0;70.0;true;2.9;1.34;true;6.06;2.8;2022-11-29;0.7;1.61
DPZ;321.56;true;26;315.0;379.46;374.0;450.0;true;2.5;0.69;true;26.04;4.4;2022-12-14;0.62;1.43
DRI;133.32;true;26;125.0;141.92;141.5;156.0;true;2.0;1.21;true;18.52;4.84;2022-10-06;0.23;0.52
DTE;107.45;true;16;115.0;130.91;133.5;146.0;true;2.2;0.64;true;26.4;3.54;2022-09-16;0.32;0.59
DUK;88.46;true;17;94.0;106.71;108.0;120.0;true;2.5;0.41;true;17.91;4.02;2022-08-11;0.28;0.7
DVA;89.99;true;8;90.0;100.38;99.5;117.0;true;3.0;1.09;true;11.11;0.0;;1.3;1.41
DVN;74.29;true;28;57.9;80.35;80.5;109.0;true;2.2;2.43;true;9.42;6.2;2022-09-09;1.38;1.55
DXC;28.97;true;12;27.0;33.99;33.0;48.0;true;2.7;1.94;true;13.05;0.0;2020-03-24;0.94;1.09
DXCM;95.68;true;16;85.0;105.63;105.0;125.0;true;1.6;1.04;true;227.81;0.0;;4.11;4.72
EA;124.99;true;30;125.0;150.58;153.5;188.0;true;2.0;0.84;true;39.55;0.76;2022-08-30;1.06;1.24
EBAY;38.41;true;26;37.0;50.78;50.45;66.0;true;2.7;1.26;true;2.08;0.88;2022-08-31;1.02;1.28
ECL;145.91;true;20;154.0;175.3;176.5;190.0;true;2.5;1.03;true;38.1;2.04;2022-09-19;0.78;1.29
ED;84.87;true;16;68.0;83.69;85.5;94.0;true;3.4;0.31;true;18.61;3.16;2022-08-16;0.65;0.88
EFX;152.02;true;17;150.0;194.94;195.0;231.0;true;2.3;1.49;true;25.09;1.56;2022-09-02;0.54;0.64
EIX;55.64;true;15;49.0;70.67;74.0;82.0;true;2.4;0.74;true;41.83;2.8;2022-09-29;0.3;0.61
EL;201.8;true;24;229.0;294.08;284.5;377.0;true;2.0;1.03;true;30.81;2.4;2022-08-30;0.96;1.6
ELV;511.04;true;21;485.0;560.86;571.0;610.0;true;1.8;0.88;true;19.88;5.12;2022-12-02;1.21;1.35
EMN;74.31;true;23;78.0;98.09;98.0;130.0;true;2.5;1.49;true;8.13;3.04;2022-09-14;0.67;1.27
EMR;83.16;true;22;79.0;98.73;98.0;120.0;true;2.2;1.4;true;15.75;2.06;2022-08-11;0.72;1.06
ENPH;252.0;true;27;194.0;285.89;292.0;363.0;true;2.1;1.47;true;169.13;0.0;;3.31;3.62
EOG;135.0;true;28;125.0;149.02;149.0;177.0;true;1.9;1.5;true;13.85;3.0;2022-10-14;1.18;1.41
EPAM;331.39;true;15;406.0;471.4;475.0;535.0;true;1.7;1.68;true;54.78;0.0;;3.33;3.45
EQIX;534.6;true;22;571.0;736.95;710.5;1000.0;true;2.0;0.55;true;76.15;12.4;2022-08-16;1.68;2.05
EQR;64.21;true;21;62.0;79.14;79.0;95.0;true;2.6;0.84;true;20.0;2.5;2022-09-23;0.11;0.23
EQT;37.88;true;20;50.0;63.85;60.0;102.0;true;1.9;1.17;true;0.0;0.6;2022-08-08;0.29;0.57
ES;72.59;true;16;75.0;88.56;90.5;98.0;true;2.4;0.51;true;18.9;2.55;2022-09-23;0.36;0.77
ESS;227.78;true;22;237.0;295.59;298.5;351.0;true;2.4;0.81;true;38.48;8.8;2022-09-29;0.16;0.66
ETN;139.33;true;19;124.0;159.16;160.0;186.0;true;2.0;1.14;true;24.19;3.24;2022-08-11;0.52;0.97
ETR;102.29;true;17;96.0;125.18;129.0;144.0;true;2.1;0.61;true;16.94;4.04;2022-08-10;0.39;0.87
ETSY;100.91;true;23;51.0;117.87;118.0;186.0;true;2.3;1.81;true;33.3;0.0;;2.28;2.93
EVRG;58.16;true;9;61.0;68.0;67.0;77.0;true;2.4;0.54;true;16.34;2.29;2022-08-18;0.11;0.5
EW;84.81;true;20;91.0;112.9;114.0;130.0;true;2.0;1.14;true;36.24;0.0;;2.27;3.37
EXC;36.72;true;16;39.0;45.69;46.0;55.0;true;2.2;0.63;true;20.07;1.35;2022-08-12;0.5;0.91
EXPD;92.95;true;14;80.0;102.14;99.0;130.0;true;3.1;0.91;true;10.26;1.34;2022-05-31;1.6;1.86
EXPE;97.27;true;26;100.0;142.54;131.0;216.0;true;2.4;1.56;true;38.75;0.0;2020-03-09;0.57;0.85
EXR;165.96;true;13;153.0;209.92;220.0;248.0;true;2.3;0.55;true;24.99;6.0;2022-09-14;0.92;2.59
F;12.19;true;19;10.0;15.01;13.0;28.0;true;2.7;1.38;true;4.22;0.6;2022-08-10;0.95;1.16
FANG;152.32;true;30;143.0;174.8;172.5;230.0;true;2.0;2.0;true;6.87;12.2;2022-08-15;0.66;0.73
FAST;46.09;true;7;43.0;47.57;48.0;55.0;true;3.0;1.18;true;24.78;1.24;2022-10-26;1.67;3.98
FBHS;55.12;true;14;60.0;79.36;74.5;113.0;true;2.4;1.55;true;9.97;1.12;2022-11-23;0.94;2.12
FCX;32.03;true;20;23.0;36.73;34.0;55.0;true;2.4;1.95;true;9.71;0.6;2022-10-13;1.65;2.56
FDS;407.09;true;11;335.0;429.09;427.0;500.0;true;3.0;0.78;true;39.72;3.56;2022-08-30;1.69;1.99
FDX;153.23;true;27;125.0;193.7;190.0;258.0;true;2.3;1.32;true;11.29;4.6;2022-09-01;1.3;1.42
FE;36.41;true;15;39.0;42.7;43.0;48.0;true;2.5;0.45;true;15.3;1.56;2022-11-04;0.55;0.75
FFIV;147.62;true;16;155.0;188.74;172.45;303.0;true;2.7;1.14;true;25.58;0.0;;0.83;0.95
FIS;77.83;true;32;80.0;110.63;111.5;160.0;true;1.9;0.85;true;56.81;1.88;2022-12-08;0.37;0.69
FISV;96.74;true;34;95.0;123.26;124.5;152.0;true;2.1;0.87;true;30.81;0.0;;0.32;1.05
FITB;33.02;true;19;35.0;40.3;39.0;48.0;true;2.0;1.23;true;10.19;1.32;2022-09-29;0.0;0.0
FLT;170.47;true;14;196.0;255.79;255.5;345.0;true;2.3;1.24;true;14.09;0.0;;0.85;1.06
FMC;117.2;true;17;105.0;132.94;133.0;150.0;true;2.3;0.8;true;19.57;2.12;2022-09-29;0.88;1.38
FOX;27.61;true;1;51.5;51.5;51.5;51.5;false;0.0;0.89;true;13.09;0.5;2022-08-30;3.19;3.61
FOXA;29.43;true;19;27.0;39.55;40.0;46.0;true;2.4;0.89;true;13.95;0.5;2022-08-30;3.19;3.61
FRC;112.35;true;22;109.0;140.86;140.0;200.0;true;2.2;1.14;true;13.85;1.08;2022-10-26;0.0;0.0
FRT;92.27;true;18;96.0;116.08;118.0;140.0;true;2.3;1.14;true;26.51;4.32;2022-09-21;1.16;1.87
FTNT;53.75;true;31;58.2;70.45;70.0;85.0;true;1.8;1.14;true;63.24;0.0;;1.01;1.12
FTV;61.45;true;18;60.0;72.96;72.5;85.0;true;2.1;1.16;true;33.76;0.28;2022-08-30;0.62;0.94
GD;242.6;true;18;212.0;261.67;262.5;314.0;true;2.1;0.85;true;20.56;5.04;2022-10-06;0.9;1.4
GE;72.82;true;17;72.0;84.82;83.0;105.0;true;2.0;1.14;true;0.0;0.32;2022-09-26;0.7;1.13
GILD;67.79;true;24;60.0;71.78;72.0;90.0;true;2.5;0.33;true;20.73;2.92;2022-09-14;1.11;1.43
GIS;77.04;true;17;63.0;77.65;78.0;88.0;true;3.1;0.31;true;16.22;2.16;2022-10-06;0.27;0.6
GL;113.5;true;9;100.0;116.89;114.0;138.0;true;2.5;0.8;true;16.15;0.83;2022-10-06;0.41;0.55
GLW;32.19;true;13;36.0;38.56;37.0;45.0;true;2.1;1.03;true;13.76;1.08;2022-11-17;0.62;1.42
GM;35.0;true;22;29.0;47.7;45.0;90.0;true;2.1;1.26;true;6.65;0.36;2022-08-30;0.85;1.15
GNRC;109.48;true;20;75.0;230.9;207.5;485.0;true;1.9;1.38;true;14.26;0.0;2013-06-10;0.99;2.12
GOOG;101.48;true;10;120.0;147.75;150.0;164.5;true;1.5;1.1;true;18.69;0.0;;2.64;2.81
GOOGL;101.13;true;43;100.0;140.68;140.0;187.5;true;1.8;1.1;true;18.62;0.0;;2.64;2.81
GPC;162.35;true;9;124.0;154.67;153.0;170.0;true;2.8;0.96;true;19.51;3.58;2022-09-01;0.38;1.18
GPN;114.25;true;28;115.0;158.29;152.5;240.0;true;1.9;1.04;true;368.55;1.0;2022-09-15;0.49;0.87
GRMN;82.77;false;0;0.0;0.0;0.0;0.0;false;0.0;0.98;true;15.74;2.92;2022-12-14;1.43;2.54
GS;325.1;true;25;290.0;384.3;370.0;477.0;true;2.3;0.0;true;8.65;10.0;2022-11-30;1.8;2.47
GWW;519.68;true;10;420.0;573.0;600.0;650.0;true;2.4;1.21;true;20.51;6.88;2022-08-05;1.35;2.58
HAL;33.88;true;25;32.0;41.69;41.7;53.0;true;2.0;2.1;true;21.31;0.48;2022-09-06;1.39;2.15
HAS;65.49;true;12;73.0;89.33;87.5;113.0;true;1.8;0.81;true;21.98;2.8;2022-10-31;0.74;1.38
HBAN;14.45;true;17;11.0;14.74;14.5;17.0;true;2.6;1.13;true;12.68;0.62;2022-09-16;0.0;0.0
HCA;196.66;true;22;199.0;243.14;242.0;283.0;true;1.8;0.0;true;10.07;2.24;2022-12-13;0.98;1.38
HD;275.53;true;31;282.0;351.03;350.0;470.0;true;2.1;0.96;true;16.92;7.6;2022-08-31;0.18;1.18
HES;135.58;true;22;119.0;140.55;140.0;175.0;true;2.3;1.54;true;28.72;1.5;2022-09-16;1.51;1.68
HIG;67.19;true;17;70.0;82.35;82.0;104.0;true;2.0;0.88;true;11.07;1.54;2022-08-31;0.99;1.91
HII;249.89;true;11;173.0;252.91;250.0;315.0;true;2.7;0.62;true;17.16;4.72;2022-08-25;1.04;1.15
HLT;131.23;true;17;120.0;144.53;150.0;160.0;true;2.2;1.21;true;38.04;0.6;2022-08-25;0.77;0.89
HOLX;62.51;true;11;65.0;77.09;75.0;88.0;true;2.3;1.02;true;10.38;0.0;;3.09;3.9
HON;182.81;true;24;183.0;203.0;203.5;226.0;true;2.3;1.09;true;24.94;4.12;2022-11-09;0.83;1.2
HPE;13.47;true;19;11.5;16.32;16.0;20.0;true;2.4;1.17;true;4.81;0.48;2022-09-09;0.5;0.92
HPQ;26.79;true;16;24.0;30.24;30.0;37.0;true;3.1;0.99;true;4.78;1.0;2022-09-13;0.48;0.86
HRL;44.97;true;9;38.0;46.22;47.0;52.0;true;3.0;0.17;true;24.71;1.04;2022-10-14;1.18;2.4
HSIC;70.24;true;11;70.0;81.55;80.0;99.0;true;2.9;0.76;true;14.54;0.0;;0.73;1.83
HST;17.84;true;18;17.0;21.78;22.0;26.0;true;2.1;1.22;true;22.3;0.48;2022-09-29;7.64;7.7
HSY;228.22;true;20;210.0;236.85;236.5;259.0;true;2.5;0.34;true;29.04;4.14;2022-08-18;0.3;0.74
HUM;510.54;true;22;514.0;552.05;550.0;590.0;true;2.0;0.73;true;20.84;3.15;2022-09-29;1.21;1.53
HWM;35.37;true;14;31.0;41.79;43.0;46.0;true;1.9;1.4;true;37.63;0.16;2022-11-03;0.82;2.15
IBM;129.9;true;17;111.0;139.5;140.0;160.0;true;2.4;0.83;true;21.33;6.6;2022-08-09;0.74;0.95
ICE;93.05;true;14;102.0;126.86;122.0;164.0;true;2.1;0.91;true;15.56;1.52;2022-12-14;0.01;1.04
IDXX;337.65;true;8;415.0;486.5;470.0;582.0;true;2.3;1.14;true;42.85;0.0;;0.5;0.89
IEX;203.95;true;15;205.0;224.6;220.0;280.0;true;2.2;0.99;true;30.35;2.4;2022-10-13;2.0;3.02
IFF;94.07;true;2;156.46;169.24;169.24;182.03;true;1.5;1.07;true;37.04;3.24;2022-09-22;0.64;1.64
ILMN;220.01;true;17;165.0;253.47;245.0;380.0;true;2.5;1.12;true;49.55;0.0;;0.69;1.0
INCY;70.58;true;15;63.0;87.4;90.0;119.0;true;2.3;0.66;true;16.23;0.0;;3.67;3.91
INTC;26.97;true;34;18.0;34.77;32.0;72.0;true;3.2;0.71;true;5.79;1.46;2022-11-04;1.23;1.86
INTU;417.18;true;21;360.0;520.48;533.0;650.0;true;1.9;1.18;true;57.3;3.12;2022-10-06;1.05;1.39
INVH;33.1;true;19;36.0;42.26;41.0;52.0;true;1.9;0.9;true;58.07;0.88;2022-11-07;1.32;2.87
IP;33.08;true;11;27.5;36.32;35.0;60.0;true;3.1;0.97;true;8.87;1.85;2022-11-14;1.09;1.62
IPG;28.24;true;10;22.0;33.5;34.0;43.0;true;2.4;0.0;true;11.39;1.16;2022-08-31;0.0;0.0
IQV;178.15;true;19;215.0;261.53;265.0;300.0;true;1.6;1.36;true;29.2;0.0;;0.83;0.96
IR;46.79;true;13;44.0;53.23;54.0;60.0;true;2.2;1.45;true;34.66;0.08;2022-08-16;1.65;2.43
IRM;47.07;true;7;20.0;55.43;60.0;68.0;true;2.1;0.84;true;37.06;2.47;2022-09-14;0.71;0.87
ISRG;218.49;true;19;205.0;254.11;250.0;325.0;true;2.1;1.29;true;56.17;0.0;;6.38;7.03
IT;289.75;true;9;300.0;325.46;315.0;365.0;true;2.2;1.35;true;32.3;0.0;1999-07-19;0.49;0.62
ITW;195.62;true;17;165.0;196.82;200.0;229.0;true;3.0;1.1;true;23.21;5.24;2022-09-29;0.93;1.48
IVZ;14.89;false;0;0.0;0.0;0.0;0.0;false;0.0;1.3;true;6.45;0.75;2022-08-11;0.89;6.27
J;115.02;true;15;134.0;154.4;154.0;175.0;true;1.7;0.89;true;32.22;0.92;2022-09-29;1.38;1.43
JBHT;165.32;true;23;170.0;190.3;192.0;230.0;true;2.2;1.13;true;17.29;1.6;2022-11-03;1.21;1.43
JCI;53.04;false;0;0.0;0.0;0.0;0.0;false;0.0;1.16;true;35.84;1.4;2022-09-23;0.62;0.97
JKHY;187.32;true;10;175.0;196.5;199.5;212.0;true;2.8;0.65;true;37.92;1.96;2022-09-08;0.8;1.13
JNJ;168.71;true;20;160.0;183.94;182.45;215.0;true;2.4;0.56;true;23.5;4.52;2022-11-21;0.0;0.0
JNPR;28.76;true;18;25.0;33.11;32.0;42.0;true;2.7;0.87;true;24.37;0.84;2022-08-31;1.06;1.58
JPM;122.23;true;25;118.0;136.78;135.0;162.0;true;2.3;1.07;true;10.31;4.0;2022-10-05;0.0;0.0
K;72.24;true;19;55.0;73.94;75.0;82.0;true;3.1;0.44;true;16.65;2.36;2022-08-31;0.37;0.7
KDP;37.62;true;17;36.0;40.97;41.5;45.0;true;2.3;0.57;true;24.75;0.8;2022-09-29;0.3;0.56
KEY;16.9;true;20;15.0;21.07;20.0;38.0;true;2.7;1.28;true;7.75;0.78;2022-08-29;0.0;0.0
KEYS;168.96;true;13;170.0;195.38;190.0;225.0;true;2.0;1.05;true;26.82;0.0;;2.08;3.02
KHC;35.21;true;20;34.0;41.78;41.25;48.0;true;2.6;0.73;true;28.63;1.6;2022-08-25;0.4;0.89
KIM;19.69;true;19;20.0;23.7;23.25;27.0;true;2.1;1.38;true;16.27;0.88;2022-09-08;104.57;105.11
KLAC;290.63;true;19;260.0;362.92;360.0;460.0;true;2.0;1.35;true;13.26;5.2;2022-08-12;1.61;2.5
KMB;113.96;true;18;117.0;126.29;127.5;138.0;true;3.1;0.39;true;21.62;4.64;2022-09-08;0.39;0.79
KMI;17.52;true;18;18.0;20.27;20.0;25.0;true;2.9;0.92;true;16.53;1.11;2022-07-29;0.32;0.52
KMX;55.69;true;14;48.0;79.54;76.5;104.5;true;2.3;1.48;true;11.37;0.0;;0.22;2.75
KO;55.96;true;23;59.0;66.67;66.0;76.0;true;2.1;0.57;true;25.44;1.76;2022-11-30;0.79;1.13
KR;43.63;true;18;43.0;53.68;51.11;75.0;true;2.7;0.51;true;13.34;1.04;2022-11-14;0.18;0.72
L;55.5;false;0;0.0;0.0;0.0;0.0;true;3.0;0.82;true;12.36;0.25;2022-08-16;0.47;0.47
LDOS;95.39;true;12;100.0;116.17;118.0;130.0;true;2.1;0.76;true;18.56;1.44;2022-09-14;0.71;0.9
LEN;73.43;true;16;72.0;95.0;90.0;133.0;true;2.4;1.45;true;4.87;1.5;2022-10-12;1.48;13.94
LH;211.71;true;13;260.0;296.38;300.0;320.0;true;1.9;1.07;true;10.1;2.88;2022-11-16;1.56;1.9
LHX;247.2;false;0;0.0;0.0;0.0;0.0;false;0.0;0.7;true;25.51;4.48;2022-11-17;0.96;1.27
LIN;288.32;true;15;269.79;334.34;332.9;377.34;true;1.8;0.87;true;41.79;4.68;2022-09-01;0.56;0.74
LKQ;51.49;true;9;52.0;64.44;65.0;70.0;true;1.7;1.37;true;11.92;1.0;2022-08-10;0.57;1.74
LLY;340.77;false;0;0.0;0.0;0.0;0.0;true;2.0;0.33;true;52.51;3.92;2022-11-14;0.66;1.1
LMT;454.61;true;20;374.0;454.5;453.0;515.0;true;2.7;0.67;true;20.9;12.0;2022-11-30;1.05;1.28
LNC;50.38;true;14;45.0;57.0;54.5;78.0;true;2.7;1.78;true;10.43;1.8;2022-10-06;0.52;2.75
LNT;49.76;true;8;51.0;57.63;58.0;64.0;true;2.6;0.52;true;18.57;1.71;2022-10-28;0.22;0.57
LOW;182.37;true;27;159.0;240.6;240.0;300.0;true;2.2;1.17;true;14.31;4.2;2022-10-18;0.1;1.11
LRCX;369.29;true;23;300.0;441.22;425.0;595.0;true;2.1;1.38;true;10.59;6.9;2022-09-13;1.77;2.69
LUMN;6.66;true;11;6.0;8.55;8.0;12.0;true;3.5;1.07;true;3.43;1.0;2022-08-29;0.33;2.04
LUV;33.1;true;15;35.0;48.2;45.0;66.0;true;2.0;1.03;true;20.31;0.0;2020-03-03;1.52;1.66
LVS;39.07;true;12;37.0;47.71;45.75;62.0;true;2.0;1.17;true;16.16;0.0;2020-03-17;0.0;0.0
LW;81.72;true;7;80.0;92.57;95.0;101.0;true;1.9;0.51;true;29.4;0.98;2022-11-03;1.2;2.09
LYB;82.16;true;25;65.0;87.4;86.0;115.0;true;2.8;1.26;true;5.0;4.76;2022-08-26;0.85;1.68
LYV;79.53;true;13;92.0;118.54;115.0;140.0;true;2.1;1.34;true;0.0;0.0;;0.85;0.99
MA;302.37;true;35;312.0;404.57;405.0;472.0;true;1.8;1.07;true;30.64;1.96;2022-10-06;0.79;1.26
MAA;149.53;true;18;153.0;193.0;193.5;232.0;true;2.4;0.75;true;29.38;5.0;2022-10-13;0.09;0.37
MAR;153.49;true;19;153.0;171.42;170.0;190.0;true;2.4;1.57;true;29.02;1.2;2022-08-17;0.41;0.45
MAS;46.39;true;16;40.0;60.5;62.0;76.0;true;2.5;1.21;true;12.99;1.12;2022-08-11;0.76;1.36
MCD;254.55;true;35;242.0;277.06;276.0;328.0;true;2.0;0.59;true;31.35;6.08;2022-11-30;1.09;1.41
MCHP;61.85;true;23;62.0;83.97;82.0;125.0;true;2.1;1.56;true;22.74;1.2;2022-08-18;1.03;1.78
MCK;370.64;true;13;320.0;384.31;385.0;423.0;true;1.9;0.62;true;39.35;2.16;2022-08-31;0.47;0.96
MCO;242.03;true;16;235.0;298.0;302.5;342.0;true;2.3;1.24;true;26.17;2.8;2022-08-18;1.2;1.39
MDLZ;57.35;true;23;63.0;70.5;70.0;78.0;true;1.9;0.64;true;20.85;1.54;2022-09-29;0.38;0.68
MDT;83.26;true;24;85.0;105.89;105.5;142.3;true;2.3;0.77;true;21.51;2.72;2022-09-22;1.01;1.58
MET;68.06;true;16;73.0;77.44;77.0;83.0;true;1.8;1.01;true;17.23;2.0;2022-11-07;0.85;1.04
META;130.01;true;51;140.0;216.15;205.0;466.0;true;2.1;1.32;true;10.91;0.0;;2.34;2.52
MGM;33.92;true;14;35.0;50.82;50.0;72.0;true;2.2;2.05;true;4.85;0.01;2022-09-08;1.21;1.65
MHK;95.37;true;13;99.0;122.08;123.0;170.0;true;3.1;1.3;true;6.2;0.0;;0.66;1.51
MKC;73.84;true;12;66.0;80.72;79.0;100.69;true;3.0;0.57;true;28.84;1.48;2022-10-07;0.29;0.77
MKTX;243.02;true;11;214.0;275.55;270.0;471.0;true;2.9;0.65;true;37.74;2.8;2022-11-01;8.2;9.2
MLM;315.31;true;21;309.0;401.57;409.0;500.0;true;2.1;0.87;true;25.02;2.64;2022-08-31;2.38;3.62
MMC;154.93;true;15;142.0;175.13;180.0;197.0;true;2.6;0.89;true;23.19;2.36;2022-10-06;0.91;1.04
MMM;116.81;true;18;107.0;131.63;126.0;210.0;true;3.3;0.99;true;16.31;5.96;2022-08-19;0.8;1.47
MNST;87.59;true;19;88.0;100.58;100.0;111.0;true;2.3;0.9;true;37.92;0.0;;3.33;4.3
MO;44.48;true;15;36.0;48.7;48.0;68.0;true;2.7;0.64;true;45.39;3.76;2022-09-14;0.31;0.49
MOH;360.38;true;16;315.0;360.06;365.5;390.0;true;2.6;0.81;true;27.62;0.0;;1.4;1.43
MOS;53.1;true;19;49.0;65.31;65.0;93.0;true;2.5;1.57;true;6.05;0.6;2022-11-30;0.6;1.3
MPC;111.38;true;15;111.0;125.93;125.0;140.0;true;2.0;1.6;true;7.71;2.32;2022-08-16;1.08;1.49
MPWR;332.83;true;9;410.0;538.78;550.0;620.0;true;1.8;1.17;true;47.82;3.0;2022-09-29;3.71;5.23
MRK;95.67;true;21;85.0;101.86;102.0;125.0;true;2.2;0.33;true;14.61;2.76;2022-09-14;0.91;1.39
MRNA;128.32;true;14;74.0;212.71;185.0;506.0;true;2.5;1.69;true;3.6;0.0;;1.58;1.99
MRO;29.15;true;23;25.0;32.03;32.0;40.0;true;2.4;2.41;true;6.91;0.32;2022-08-16;1.13;1.18
MS;79.22;false;0;0.0;0.0;0.0;0.0;false;0.0;1.33;true;11.5;3.1;2022-10-28;0.0;0.0
MSCI;401.48;true;11;423.0;483.09;499.0;545.0;true;2.4;1.09;true;41.26;5.0;2022-08-11;1.28;1.33
MSFT;242.12;true;44;275.0;323.38;315.0;411.0;true;1.7;0.96;true;25.09;2.72;2022-11-16;1.57;1.78
MSI;226.38;true;11;220.0;280.82;280.0;311.0;true;2.0;0.92;true;32.57;3.16;2022-09-14;0.8;1.16
MTB;161.77;true;19;170.0;200.32;200.0;255.0;true;2.3;0.84;true;15.39;4.8;2022-08-31;0.0;0.0
MTCH;43.0;true;21;60.0;79.0;80.0;110.0;true;2.1;1.32;true;119.44;0.0;2015-11-10;1.05;1.28
MTD;1174.38;true;11;1120.0;1330.73;1315.0;1500.0;true;2.8;1.14;true;32.27;0.0;;0.66;1.18
MU;56.05;true;32;45.0;65.92;65.0;100.0;true;2.2;1.28;true;7.23;0.46;2022-10-07;1.92;2.89
NCLH;14.93;true;15;13.0;18.87;16.0;35.0;true;2.3;2.33;true;0.0;0.0;;0.5;0.62
NDAQ;57.74;true;15;50.0;65.84;65.0;84.0;true;2.3;0.94;true;25.32;0.8;2022-12-01;0.09;0.96
NDSN;216.53;true;7;250.0;274.86;270.0;310.0;true;2.3;0.93;true;26.25;2.6;2022-08-22;0.8;1.35
NEE;71.65;true;16;81.0;94.05;94.0;108.0;true;1.9;0.49;true;54.28;1.7;2022-11-23;0.3;0.53
NEM;42.37;true;1;79.08;79.08;79.08;79.08;true;2.0;0.27;true;45.07;2.2;2022-09-07;1.93;2.82
NFLX;289.57;true;37;162.0;270.41;270.0;365.0;true;2.6;1.22;true;24.4;0.0;;0.9;1.13
NI;24.49;true;12;27.0;32.0;32.5;34.0;true;2.0;0.45;true;16.01;0.94;2022-10-28;0.31;0.63
NKE;88.5;true;33;77.0;110.52;110.0;185.0;true;2.2;1.11;true;25.14;1.22;2022-09-02;1.54;2.64
NLOK;21.8;true;5;24.8;26.54;26.0;29.0;true;2.4;0.98;true;15.24;0.5;2022-08-19;0.55;0.62
NLSN;0.0;false;0;0.0;0.0;0.0;0.0;false;0.0;0.0;false;0.0;0.0;null;0.0;0.0
NOC;522.66;true;19;413.0;518.89;525.0;565.0;true;2.3;0.59;true;14.6;6.92;2022-08-26;1.09;1.3
NOW;360.67;true;35;325.0;542.97;520.0;850.0;true;1.8;0.98;true;396.34;0.0;;0.99;1.12
NRG;42.36;true;10;38.0;44.3;43.5;52.0;true;2.6;0.83;true;2.98;1.4;2022-07-29;0.25;1.29
NSC;208.04;true;25;178.0;241.04;241.0;274.0;true;2.6;1.33;true;16.34;4.96;2022-08-05;0.95;1.1
NTAP;65.6;true;19;62.41;87.92;85.0;120.0;true;2.4;1.2;true;15.73;2.0;2022-10-06;1.21;1.38
NTRS;79.67;true;15;80.0;97.3;94.0;121.0;true;2.7;1.12;true;10.84;3.0;2022-12-08;0.0;0.0
NUE;135.56;true;13;39.0;122.35;120.2;180.0;true;2.9;1.45;true;4.28;2.0;2022-09-29;1.65;3.1
NVDA;124.66;true;40;110.0;192.12;194.0;320.0;true;2.1;1.71;true;33.43;0.16;2022-09-07;2.95;3.62
NVR;4046.65;true;4;4300.0;5087.5;4850.0;6350.0;true;2.4;0.95;true;9.8;0.0;;1.85;5.18
NWL;15.02;true;11;15.0;20.32;18.5;35.0;true;2.4;0.86;true;8.78;0.92;2022-08-30;0.41;1.03
NWS;17.34;false;0;0.0;0.0;0.0;0.0;false;0.0;1.29;true;16.51;0.2;2022-09-13;0.98;1.16
NWSA;17.2;true;6;16.5;23.2;21.85;32.0;true;2.4;1.29;true;16.38;0.2;2022-09-13;0.98;1.16
NXPI;145.25;true;26;145.0;190.62;195.0;260.0;true;2.2;1.48;true;15.91;3.38;2022-09-14;1.54;2.15
O;57.63;true;15;61.0;72.17;74.5;80.0;true;2.4;0.79;true;58.21;2.98;2022-10-31;0.82;1.04
ODFL;260.43;true;18;252.0;283.11;277.5;340.0;true;2.8;1.06;true;24.16;1.2;2022-12-06;1.79;1.92
OGN;23.68;true;7;25.0;34.14;36.0;41.0;true;2.7;0.0;true;5.46;1.12;2022-08-12;0.85;1.58
OKE;56.6;true;17;55.0;67.35;68.0;80.0;true;2.6;1.64;true;16.08;3.74;2022-10-31;0.53;0.83
OMC;70.18;true;11;57.0;76.73;78.0;95.0;true;2.6;0.84;true;11.28;2.8;2022-09-20;0.77;0.95
ON;65.68;true;25;55.0;75.34;75.0;90.0;true;2.1;1.75;true;15.98;0.0;;1.73;2.79
ORCL;72.7;true;27;55.0;87.26;87.0;115.0;true;2.7;0.93;true;34.45;1.28;2022-10-11;0.49;0.6
ORLY;744.07;true;18;660.0;775.78;787.5;823.0;true;2.1;0.94;true;23.09;0.0;;0.11;0.75
OTIS;66.79;true;12;70.0;78.42;79.5;90.0;true;2.4;0.82;true;23.03;1.16;2022-08-18;0.79;0.97
OXY;71.26;true;25;59.0;75.49;74.0;110.0;true;2.6;1.84;true;7.01;0.52;2022-09-09;0.79;1.07
PARA;19.22;true;26;15.0;25.29;24.0;47.0;true;3.0;1.57;true;3.95;0.96;2022-12-14;1.14;1.47
PAYC;323.01;true;18;343.0;397.0;398.5;450.0;true;2.0;1.42;true;81.57;0.0;;0.08;1.08
PAYX;112.16;true;16;112.21;126.79;127.5;140.0;true;2.9;0.99;true;28.25;3.16;2022-11-08;0.55;1.29
PCAR;90.17;true;18;85.0;94.56;95.0;104.0;true;2.5;0.87;true;14.22;1.48;2022-11-14;3.63;4.23
PCG;14.5;true;12;12.5;16.46;16.0;19.0;true;2.0;1.08;true;145.0;0.0;2017-09-28;0.61;0.78
PEAK;22.44;true;16;23.0;30.44;29.5;38.0;true;2.2;0.82;true;56.1;1.2;2022-08-05;0.07;0.38
PEG;54.3;true;16;60.0;70.25;69.0;76.0;true;2.1;0.61;true;0.0;2.16;2022-09-08;0.56;0.78
PEP;173.06;true;20;170.0;183.68;183.0;200.0;true;2.5;0.57;true;24.76;4.6;2022-09-01;0.68;0.92
PFE;44.95;false;0;0.0;0.0;0.0;0.0;false;0.0;0.64;true;8.75;1.6;2022-11-03;1.08;1.42
PFG;78.84;true;13;61.0;73.85;75.0;86.0;true;3.2;1.24;true;4.84;2.56;2022-09-07;0.34;1.29
PG;128.58;true;22;122.0;147.71;147.0;170.0;true;2.4;0.39;true;22.28;3.65;2022-10-20;0.34;0.62
PGR;122.45;true;16;92.0;122.69;125.0;150.0;true;2.9;0.44;true;86.23;0.4;2022-10-06;0.28;0.39
PH;269.39;true;18;260.0;316.89;312.5;385.0;true;2.1;1.53;true;26.7;5.32;2022-08-26;0.53;2.06
PHM;37.49;true;12;41.0;51.17;51.5;63.0;true;2.4;1.3;true;4.19;0.6;2022-09-21;0.29;4.57
PKG;116.94;true;10;104.0;132.6;127.0;172.0;true;2.8;0.85;true;10.81;5.0;2022-09-30;2.02;3.07
PKI;130.55;true;12;120.0;167.58;172.5;202.0;true;2.7;1.15;true;24.49;0.28;2022-10-20;1.24;2.02
PLD;103.08;true;18;116.0;137.33;129.5;193.0;true;1.8;0.0;true;20.62;3.16;2022-09-14;0.2;0.39
PM;86.51;true;16;85.0;103.79;103.5;127.0;true;2.4;0.69;true;14.84;5.08;2022-09-27;0.26;0.92
PNC;156.37;true;20;149.0;177.74;170.75;222.0;true;2.5;1.15;true;11.79;6.0;2022-10-14;0.0;0.0
PNR;39.62;true;14;38.0;52.71;49.0;70.0;true;2.7;1.05;true;11.69;0.84;2022-10-20;0.64;1.38
PNW;64.18;true;13;56.0;67.77;68.0;89.0;true;3.5;0.38;true;13.23;3.46;2022-10-31;0.33;0.89
POOL;284.83;true;9;340.0;385.11;368.0;465.0;true;2.3;0.0;true;14.82;4.0;2022-08-10;0.0;0.0
PPG;112.59;true;25;104.0;132.12;130.0;170.0;true;2.4;1.16;true;25.3;2.48;2022-11-09;0.0;0.0
PPL;25.69;true;14;24.0;29.63;29.15;33.0;true;2.1;0.8;true;25.95;0.9;2022-09-08;0.41;0.62
PRU;98.29;true;15;80.0;99.33;100.0;118.0;true;2.9;1.37;true;17.87;4.8;2022-08-22;1.01;1.19
PSA;292.68;true;12;290.0;364.0;363.5;482.0;true;2.0;0.38;true;24.93;8.0;2022-09-13;1.04;1.07
PSX;100.44;true;14;96.0;112.06;115.0;127.0;true;2.3;1.36;true;8.51;3.88;2022-11-16;0.92;1.28
PTC;112.39;true;13;120.0;142.38;146.0;160.0;true;1.9;1.15;true;26.76;0.0;;1.03;1.23
PWR;133.41;true;15;125.0;151.67;154.0;168.0;true;1.8;1.1;true;43.46;0.28;2022-09-30;1.45;1.56
PXD;264.35;true;32;219.0;282.88;281.0;380.0;true;2.3;1.48;true;10.82;20.35;2022-09-02;1.19;1.33
PYPL;83.94;true;42;90.0;120.12;120.0;160.0;true;2.1;1.4;true;48.52;0.0;;0.23;1.23
QCOM;115.74;true;32;125.0;181.11;175.0;289.38;true;2.1;1.28;true;10.26;3.0;2022-11-30;0.9;1.61
QRVO;85.49;true;24;80.0;112.33;109.5;160.0;true;2.7;1.37;true;11.05;0.0;;1.97;3.3
RCL;49.2;true;14;35.0;64.57;58.0;135.0;true;2.4;2.31;true;0.0;0.0;2020-03-05;0.23;0.3
RE;279.88;false;0;0.0;0.0;0.0;0.0;false;0.0;0.51;true;14.12;6.6;2022-08-23;1.08;1.57
REG;55.67;true;17;56.0;67.91;67.0;81.0;true;2.4;1.1;true;19.74;2.5;2022-09-14;0.84;0.95
REGN;713.91;true;23;575.0;763.78;760.0;970.0;true;2.4;0.17;true;14.36;0.0;;4.2;5.12
RF;19.52;true;23;20.0;24.43;24.3;30.0;true;2.2;1.25;true;8.75;0.8;2022-12-07;0.0;0.0
RHI;73.01;true;10;66.0;80.9;76.0;120.0;true;3.1;0.0;true;11.85;1.72;2022-08-24;0.0;0.0
RJF;100.99;true;9;100.0;118.11;119.0;130.0;true;2.1;1.03;true;14.41;1.36;2022-09-30;3.03;3.05
RL;90.71;true;17;82.0;114.25;111.0;145.0;true;2.6;1.35;true;12.18;3.0;2022-09-29;1.3;2.05
RMD;222.28;true;7;222.0;254.29;252.0;276.0;true;2.3;0.48;true;41.94;1.76;2022-08-17;1.27;2.8
ROK;231.87;true;21;200.0;241.52;246.0;300.0;true;2.7;1.43;true;40.47;4.48;2022-08-12;0.67;1.06
ROL;36.43;true;4;30.0;36.25;37.5;40.0;true;2.5;0.58;true;54.37;0.4;2022-08-09;0.8;0.98
ROP;370.73;true;9;414.0;484.89;500.0;550.0;true;2.3;1.05;true;38.94;2.48;2022-10-05;1.15;1.58
ROST;85.07;true;22;80.0;99.69;99.05;135.0;true;2.2;0.95;true;20.16;1.24;2022-09-02;1.12;1.92
RSG;133.54;true;15;140.0;156.07;156.0;167.0;true;2.1;0.71;true;30.63;1.98;2022-09-30;0.66;0.73
RTX;88.54;true;19;85.0;107.16;109.0;124.0;true;2.0;0.75;true;29.61;2.2;2022-11-17;0.71;1.1
SBAC;248.2;true;18;269.0;349.72;350.0;425.0;true;2.2;0.5;true;76.84;2.84;2022-08-24;0.27;0.34
SBNY;142.31;true;17;176.0;219.12;210.0;350.0;true;1.7;1.71;true;7.58;2.24;2022-10-27;0.0;0.0
SBUX;88.61;true;31;64.0;96.67;97.0;136.0;true;2.5;0.88;true;24.96;2.12;2022-11-09;0.54;0.84
SCHW;70.32;true;14;73.0;87.21;85.5;100.0;true;2.1;0.0;true;21.31;0.88;2022-08-11;0.0;0.0
SEDG;202.66;true;26;67.0;342.65;361.0;420.0;true;2.0;1.28;true;77.95;0.0;;2.56;3.73
SEE;46.86;true;14;52.0;63.21;64.5;76.0;true;2.4;1.22;true;12.98;0.8;2022-12-01;0.67;1.34
SHW;207.82;true;25;215.0;259.92;261.0;325.0;true;2.5;1.06;true;31.2;2.4;2022-11-17;0.47;0.87
SIVB;230.03;true;21;330.0;444.33;430.0;750.0;true;2.2;0.0;true;9.34;0.0;1992-02-10;0.0;0.0
SJM;142.81;true;13;124.0;140.69;143.0;160.0;true;3.2;0.22;true;26.25;4.08;2022-11-09;0.35;1.05
SLB;50.41;false;0;0.0;0.0;0.0;0.0;false;0.0;1.75;true;27.55;0.7;2022-09-06;0.86;1.35
SNA;207.75;true;9;170.0;232.56;238.0;298.0;true;2.7;1.09;true;13.04;5.68;2022-08-18;2.18;3.29
SNPS;296.5;true;15;348.5;411.23;420.0;455.0;true;1.7;1.24;true;44.92;0.0;;0.98;1.14
SO;64.5;true;16;55.0;70.94;71.0;82.0;true;2.8;0.54;true;22.79;2.72;2022-11-18;0.46;0.85
SPG;101.04;true;16;98.0;122.56;119.0;179.0;true;2.3;1.49;true;15.76;7.0;2022-09-08;0.34;0.38
SPGI;295.94;true;17;349.0;391.53;386.0;434.0;true;1.8;1.08;true;22.32;3.4;2022-11-25;1.15;1.26
SRE;142.28;true;15;144.0;167.0;169.0;178.0;true;2.2;0.69;true;41.0;4.58;2022-09-22;0.64;0.78
STE;167.22;true;4;225.0;237.5;237.5;250.0;true;2.0;0.82;true;43.77;1.88;2022-09-06;1.19;2.03
STT;69.12;true;14;66.0;77.0;75.5;95.0;true;2.4;1.58;true;9.78;2.52;2022-09-30;0.0;0.0
STX;55.71;false;0;0.0;0.0;0.0;0.0;false;0.0;1.19;true;7.57;2.8;2022-09-20;0.69;1.16
STZ;225.15;true;22;238.0;274.77;275.5;310.0;true;2.0;0.98;true;536.07;3.2;2022-11-03;0.46;1.4
SWK;73.95;true;13;79.0;104.54;95.0;155.0;true;2.7;1.28;true;12.86;3.2;2022-09-02;0.16;0.85
SWKS;84.14;true;25;90.0;126.96;125.0;190.0;true;2.5;1.22;true;10.68;2.48;2022-08-24;1.18;2.37
SYF;32.41;true;18;22.0;38.22;39.5;48.0;true;2.3;1.55;true;4.71;0.92;2022-07-29;0.0;0.0
SYK;218.31;true;23;205.0;238.48;237.0;290.0;true;2.2;0.97;true;40.2;2.78;2022-09-29;0.97;2.0
SYY;80.05;true;13;80.0;91.38;92.0;100.0;true;2.3;1.04;true;30.32;1.96;2022-10-06;0.66;1.2
T;17.1;true;22;9.0;20.5;20.5;28.0;true;2.7;0.65;true;7.57;1.11;2022-10-06;0.26;0.62
TAP;49.16;true;16;49.0;54.63;53.0;65.0;true;3.0;0.86;true;14.37;1.52;2022-09-01;0.44;0.82
TDG;537.88;true;19;610.0;714.9;710.0;801.0;true;2.0;1.43;true;42.19;0.0;2022-08-18;3.57;4.69
TDY;350.48;true;7;444.0;483.57;500.0;515.0;true;2.1;1.06;true;24.84;0.0;;1.0;1.67
TECH;283.29;true;11;360.0;470.72;480.0;550.0;true;1.9;1.28;true;42.73;1.28;2022-08-12;2.51;3.44
TEL;114.89;false;0;0.0;0.0;0.0;0.0;false;0.0;1.31;true;15.04;2.24;2022-11-17;0.78;1.5
TER;77.27;true;21;74.0;107.41;112.0;127.0;true;2.4;1.52;true;16.27;0.44;2022-08-30;1.84;2.85
TFC;41.51;true;21;42.0;51.85;52.0;61.0;true;2.7;1.09;true;9.54;2.08;2022-08-11;0.0;0.0
TFX;197.67;true;12;210.0;272.92;265.0;370.0;true;2.4;1.09;true;18.39;1.36;2022-08-12;1.22;2.27
TGT;159.19;true;29;161.0;191.89;190.0;244.0;true;2.1;1.02;true;18.03;4.32;2022-11-15;0.05;0.82
TJX;67.61;true;21;65.0;76.52;77.0;90.0;true;2.0;0.86;true;24.15;1.18;2022-11-09;0.41;1.17
TMO;496.74;true;22;525.0;649.68;667.5;715.0;true;1.9;0.86;true;26.44;1.2;2022-09-14;0.98;1.65
TMUS;136.46;true;30;128.0;173.73;172.0;214.0;true;1.9;0.51;true;99.61;0.0;2013-05-01;0.63;0.85
TPR;31.27;true;19;36.0;45.26;46.0;60.0;true;2.0;1.38;true;9.62;1.2;2022-09-08;0.97;1.75
TRMB;55.88;true;9;64.0;76.33;75.0;89.0;true;2.1;1.57;true;27.94;0.0;;0.65;1.02
TROW;102.52;true;11;70.0;92.45;98.0;105.0;true;3.5;1.3;true;9.89;4.8;2022-09-14;1.82;1.82
TRV;176.23;true;17;155.0;178.24;180.0;200.0;true;2.8;0.61;true;12.89;3.72;2022-12-08;0.18;0.34
TSCO;197.37;true;27;198.0;232.33;230.0;270.0;true;2.1;0.86;true;21.81;3.68;2022-08-19;0.1;1.48
TSLA;214.44;true;37;24.33;284.26;316.67;461.0;true;2.3;2.13;true;74.72;0.0;;0.97;1.43
TSN;65.12;true;11;73.0;89.35;89.0;111.0;true;2.6;0.73;true;5.85;1.84;2022-11-30;0.76;1.99
TT;144.86;false;0;0.0;0.0;0.0;0.0;true;3.0;1.19;true;22.71;2.68;2022-12-01;0.72;1.09
TTWO;125.55;true;27;126.0;161.93;160.0;200.0;true;2.0;0.78;true;81.53;0.0;;0.69;0.92
TWTR;49.89;true;28;22.0;44.08;45.0;55.0;true;3.0;0.53;true;199.56;0.0;;6.97;7.15
TXN;159.72;true;30;143.0;182.5;175.0;297.0;true;2.7;1.0;true;17.47;4.96;2022-10-28;4.13;5.09
TXT;62.94;false;0;0.0;0.0;0.0;0.0;false;0.0;1.5;true;17.39;0.08;2022-09-08;1.13;2.3
TYL;335.95;true;16;400.0;452.39;455.0;520.0;true;2.0;0.9;true;79.99;0.0;1990-01-31;1.06;1.15
UAL;40.44;true;15;31.0;51.41;51.0;81.0;true;2.5;1.24;true;0.0;0.0;2008-01-07;0.94;1.03
UDR;39.2;true;20;41.0;51.6;52.0;71.0;true;2.3;0.75;true;80.0;1.52;2022-10-07;0.02;0.12
UHS;90.0;true;17;98.0;115.41;115.0;141.0;true;2.9;1.2;true;9.16;0.8;2022-08-31;0.99;1.22
ULTA;382.81;true;24;390.0;483.54;487.5;600.0;true;2.1;1.35;true;17.9;0.0;2012-03-16;0.41;1.63
UNH;533.73;true;22;525.0;594.64;597.5;637.0;true;1.8;0.75;true;26.15;6.6;2022-09-09;0.59;0.82
UNP;190.53;true;28;187.0;222.32;222.5;250.0;true;2.3;1.15;true;17.76;5.2;2022-08-30;0.23;0.77
UPS;165.55;true;29;100.0;197.28;200.0;251.0;true;2.4;1.12;true;13.3;6.08;2022-08-12;1.37;1.48
URI;284.68;true;15;269.0;367.0;365.0;490.0;true;2.3;1.85;true;12.28;0.0;;0.9;1.07
USB;40.51;true;21;43.0;51.58;52.0;64.0;true;2.6;0.99;true;9.67;1.92;2022-09-29;0.0;0.0
V;190.37;true;35;185.0;251.81;255.4;290.0;true;1.8;0.92;true;28.04;1.5;2022-08-11;1.05;1.43
VFC;27.69;true;20;29.0;38.3;37.05;50.0;true;2.7;1.47;true;10.77;2.0;2022-09-09;0.51;1.33
VICI;30.05;true;18;31.0;37.79;37.5;46.0;true;1.6;1.02;true;31.3;1.56;2022-09-21;62.7;62.71
VLO;127.74;true;17;87.16;136.19;140.0;158.0;true;2.0;1.63;true;7.36;3.92;2022-08-03;0.85;1.25
VMC;155.43;true;21;158.0;196.83;191.0;250.0;true;2.0;0.78;true;34.09;1.6;2022-11-14;1.2;1.85
VNO;22.39;true;11;17.0;26.55;25.0;33.0;true;3.1;1.25;true;33.92;2.12;2022-08-05;3.94;4.33
VRSK;166.99;true;14;165.0;203.29;209.5;230.0;true;2.3;0.85;true;26.26;1.24;2022-09-14;0.49;0.56
VRSN;179.15;true;2;201.8;203.4;203.4;205.0;true;2.7;0.97;true;24.92;0.0;2011-05-05;0.94;1.0
VRTX;300.0;true;24;250.0;311.65;312.75;389.0;true;2.1;0.42;true;24.45;0.0;;4.14;4.5
VTR;37.13;true;20;38.0;56.25;56.0;80.0;true;2.2;1.2;true;742.6;1.8;2022-09-30;0.29;0.38
VTRS;9.38;true;11;9.0;15.18;13.0;35.0;true;2.7;1.14;true;14.89;0.48;2022-08-23;0.58;1.46
VZ;35.35;true;25;40.0;50.41;50.0;69.0;true;2.9;0.37;true;7.1;2.61;2022-10-06;0.54;0.76
WAB;86.57;true;11;87.0;101.27;101.0;115.0;true;2.4;1.47;true;25.31;0.6;2022-08-12;0.6;1.27
WAT;282.12;true;15;310.0;343.07;345.0;378.0;true;2.8;0.88;true;24.81;0.0;1996-11-26;1.42;2.1
WBA;34.3;true;15;32.0;38.7;38.0;45.0;true;3.1;0.65;true;6.85;1.92;2022-08-18;0.33;0.75
WBD;13.49;true;20;9.0;23.75;21.0;48.0;true;2.5;1.38;true;7.45;0.0;;0.67;1.07
WDC;34.86;true;1;71.09;71.09;71.09;71.09;true;2.0;1.55;true;7.4;0.0;2020-04-02;0.98;1.8
WEC;86.65;true;13;85.0;98.62;98.0;114.0;true;2.7;0.35;true;20.06;2.91;2022-11-10;0.39;0.69
WELL;57.88;true;20;61.0;83.55;82.5;111.0;true;2.1;1.03;true;61.57;2.44;2022-08-22;1.15;1.7
WFC;44.83;true;25;44.5;52.96;52.0;65.0;true;2.0;1.13;true;11.64;1.2;2022-08-04;0.0;0.0
WHR;131.22;true;5;137.0;167.8;157.0;220.0;true;3.0;0.0;true;11.51;7.0;2022-11-17;0.62;1.16
WM;159.83;true;16;166.0;173.94;169.5;196.0;true;2.4;0.75;true;31.28;2.6;2022-09-08;0.96;1.07
WMB;31.52;true;20;30.0;37.41;38.0;42.0;true;2.1;1.23;true;24.62;1.7;2022-09-08;0.5;0.65
WMT;136.8;true;36;130.0;152.67;155.0;170.0;true;2.0;0.51;true;27.36;2.24;2022-12-08;0.22;0.84
WRB;71.35;true;11;69.0;77.91;80.0;85.0;true;2.1;0.59;true;15.02;0.4;2022-09-23;0.25;0.43
WRK;32.86;true;12;27.5;42.54;40.0;65.0;true;2.6;1.12;true;9.44;1.0;2022-08-11;0.82;1.46
WST;232.88;true;6;330.0;383.17;387.5;449.0;true;2.1;1.22;true;25.96;0.72;2022-07-19;2.21;3.13
WTW;210.72;false;0;0.0;0.0;0.0;0.0;false;0.0;0.74;true;15.17;3.28;2022-09-29;0.28;1.11
WY;29.96;true;10;33.0;38.2;38.5;42.0;true;2.4;1.5;true;9.13;0.72;2022-09-01;2.42;3.2
WYNN;58.8;true;11;67.0;83.73;77.0;117.0;true;2.4;1.97;true;0.0;0.0;2020-02-25;1.36;1.47
XEL;60.9;true;14;59.0;69.79;70.0;79.0;true;2.4;0.42;true;20.23;1.95;2022-09-14;0.47;1.0
XOM;105.86;true;25;77.0;110.38;111.0;134.0;true;2.3;1.05;true;11.58;3.52;2022-08-11;0.83;1.16
XRAY;29.06;true;10;33.0;41.3;41.0;51.0;true;2.6;0.94;true;17.3;0.5;2022-09-29;0.83;1.45
XYL;93.86;true;13;85.0;95.77;96.0;105.0;true;2.6;1.06;true;40.46;1.2;2022-08-31;1.1;1.63
YUM;111.03;true;22;118.0;132.15;131.5;148.0;true;2.4;1.0;true;22.25;2.28;2022-08-26;0.85;1.21
ZBH;107.39;true;22;95.0;124.05;123.0;145.0;true;2.8;1.08;true;77.82;0.96;2022-09-29;0.69;1.81
ZBRA;263.04;true;11;225.0;402.36;430.0;500.0;true;2.1;1.66;true;28.91;0.0;;0.49;0.86
ZION;47.82;true;19;51.0;62.63;61.0;75.0;true;2.5;1.21;true;8.91;1.64;2022-08-17;0.0;0.0
ZTS;147.21;true;11;205.0;226.45;225.0;264.0;true;1.8;0.76;true;33.38;1.3;2022-10-31;1.33;2.18
